Polygonization
4650 137572
5750 510754
6280 297482
6858 565830
10316 81858
10704 461226
13432 308978
21078 421836
23160 470380
26760 557888
31590 62290
36094 463164
36498 303686
37062 156234
37398 5398
48662 223934
56174 286098
58852 323692
67050 461440
67824 347156
68962 458272
69032 349660
69216 343102
70332 347440
71960 386478
72066 340936
72330 594838
72778 459274
80210 575290
80876 546640
81464 404952
81516 133028
82598 212976
83826 31576
84686 616466
85110 27514
86678 25128
92346 231178
94458 576998
95964 499560
97358 376160
97666 315632
99100 188826
100180 155662
100750 407324
101176 142346
109430 432026
114314 85530
119616 162082
121666 386164
126970 335798
131890 367752
133848 562850
138434 561138
138594 484512
141782 475234
146042 486598
147138 478146
149822 407272
150000 407968
150474 122754
151894 123284
154502 454492
154542 473706
155022 291286
158146 47274
158200 13758
159856 386310
163018 300076
164432 235930
165366 507302
165540 507402
166336 231710
166732 473394
168456 228876
169854 602988
171232 61534
171944 307448
173160 116486
177270 75874
179064 417346
181944 347144
184702 118634
188446 117196
195704 260
195958 329784
198322 43946
202002 390344
203954 56890
204930 130852
205536 256378
210866 491192
211566 569310
211916 602866
212678 215316
214058 440930
214118 338810
214810 152140
215556 170686
216080 151926
216358 255840
220632 608598
221254 493274
223342 394902
223678 583130
223754 601856
225650 583052
226640 5248
226712 603680
227328 344352
227860 102870
228312 431138
228806 428750
232380 443226
233906 216930
236456 384008
238528 29086
240446 289980
241768 422272
245362 444894
246938 6282
248626 172068
249872 172434
253860 110618
254882 479542
255250 117188
255686 117940
255770 161564
256274 327626
256608 39674
260202 366472
265360 326322
268794 468238
270994 134704
271996 314150
273364 554846
274788 489392
277522 541018
279862 586322
281284 75830
281300 349088
282160 74460
282858 354092
283328 291868
284398 72886
284858 296784
285216 573974
286864 570242
287008 456760
287010 67800
289000 324824
291232 182784
293426 284462
294002 284634
294956 573020
296544 396508
297280 193108
298720 292290
301738 400234
302440 345378
302622 483728
303246 412574
304496 466396
304946 303894
306748 390596
308558 411144
309276 388114
309278 383712
310500 197004
310714 384340
314382 445876
314584 530216
315046 217458
315502 37404
315866 325408
318322 525908
318432 525810
318448 523222
319436 524244
320724 291224
321014 246410
322106 239534
327472 594496
329956 159674
337370 393718
338174 577776
338364 102652
339976 156760
340130 143438
340734 64370
342942 60814
343630 337258
347458 239934
349798 247224
351364 108082
357462 366058
357780 429618
358240 338070
364122 272642
364710 120078
366048 341318
367090 446812
368306 321144
368562 320980
370336 275894
370466 432934
373998 361424
375072 159198
375444 352652
378618 85780
379782 267270
384956 114814
385808 200974
385992 462162
391496 366644
394106 485714
395604 67470
396312 366520
399526 465366
403016 410034
403954 140378
405532 256024
409528 160048
410994 378334
411308 602828
412684 391704
413392 200448
424054 55708
424054 215156
424342 413110
428876 380794
429216 361360
429220 244120
430002 380110
431614 377796
432706 399390
433036 618830
433122 398510
434182 399582
435856 267446
436316 598246
437622 380046
438044 380642
439892 559078
446824 604868
448092 242498
449808 408900
451486 279114
451486 404892
451778 119428
452026 480944
452664 280076
463656 254424
469394 79112
470752 42336
471382 110938
476346 421582
481892 243466
483068 354856
493700 42254
497890 289298
502210 306866
506250 376516
510708 231116
511416 407038
516372 355328
517624 93420
518548 166380
525394 371844
526444 424150
528326 231730
530034 453382
531248 502220
532846 289084
535434 373638
536474 343874
538444 604292
543430 432018
544678 288798
553742 400870
553764 403908
553910 468704
563138 556068
563756 619506
566094 48982
566664 48464
568084 137064
568870 189632
575516 146528
580876 113708
581062 333912
583712 208128
583894 202468
584478 461262
586624 224824
588238 510074
588816 367916
593112 577712
600384 232950
600998 258458
600998 258458 593112 577712
593112 577712 588238 510074
588238 510074 584478 461262
584478 461262 563756 619506
563756 619506 568870 189632
568870 189632 553764 403908
553764 403908 563138 556068
563138 556068 553910 468704
553910 468704 553742 400870
553742 400870 543430 432018
543430 432018 538444 604292
538444 604292 531248 502220
531248 502220 544678 288798
544678 288798 530034 453382
530034 453382 535434 373638
535434 373638 526444 424150
526444 424150 452026 480944
452026 480944 476346 421582
476346 421582 449808 408900
449808 408900 451486 404892
451486 404892 511416 407038
511416 407038 525394 371844
525394 371844 518548 166380
518548 166380 502210 306866
502210 306866 516372 355328
516372 355328 506250 376516
506250 376516 483068 354856
483068 354856 452664 280076
452664 280076 451486 279114
451486 279114 446824 604868
446824 604868 436316 598246
436316 598246 433036 618830
433036 618830 411308 602828
411308 602828 403016 410034
403016 410034 412684 391704
412684 391704 424342 413110
424342 413110 410994 378334
410994 378334 432706 399390
432706 399390 439892 559078
439892 559078 433122 398510
433122 398510 430002 380110
430002 380110 434182 399582
434182 399582 431614 377796
431614 377796 437622 380046
437622 380046 429216 361360
429216 361360 428876 380794
428876 380794 405532 256024
405532 256024 399526 465366
399526 465366 394106 485714
394106 485714 338174 577776
338174 577776 370466 432934
370466 432934 385992 462162
385992 462162 375444 352652
375444 352652 373998 361424
373998 361424 367090 446812
367090 446812 368306 321144
368306 321144 368562 320980
368562 320980 379782 267270
379782 267270 370336 275894
370336 275894 366048 341318
366048 341318 357780 429618
357780 429618 327472 594496
327472 594496 337370 393718
337370 393718 322106 239534
322106 239534 319436 524244
319436 524244 320724 291224
320724 291224 318432 525810
318432 525810 318448 523222
318448 523222 309276 388114
309276 388114 318322 525908
318322 525908 294956 573020
294956 573020 285216 573974
285216 573974 284858 296784
284858 296784 282858 354092
282858 354092 281300 349088
281300 349088 279862 586322
279862 586322 273364 554846
273364 554846 254882 479542
254882 479542 245362 444894
245362 444894 268794 468238
268794 468238 274788 489392
274788 489392 260202 366472
260202 366472 265360 326322
265360 326322 271996 314150
271996 314150 277522 541018
277522 541018 270994 134704
270994 134704 256274 327626
256274 327626 255770 161564
255770 161564 249872 172434
249872 172434 241768 422272
241768 422272 248626 172068
248626 172068 255250 117188
255250 117188 255686 117940
255686 117940 253860 110618
253860 110618 281284 75830
281284 75830 283328 291868
283328 291868 282160 74460
282160 74460 256608 39674
256608 39674 240446 289980
240446 289980 236456 384008
236456 384008 226712 603680
226712 603680 232380 443226
232380 443226 228806 428750
228806 428750 233906 216930
233906 216930 228312 431138
228312 431138 227328 344352
227328 344352 225650 583052
225650 583052 223754 601856
223754 601856 220632 608598
220632 608598 211916 602866
211916 602866 195958 329784
195958 329784 179064 417346
179064 417346 181944 347144
181944 347144 171944 307448
171944 307448 173160 116486
173160 116486 169854 602988
169854 602988 166732 473394
166732 473394 165540 507402
165540 507402 138434 561138
138434 561138 165366 507302
165366 507302 133848 562850
133848 562850 146042 486598
146042 486598 138594 484512
138594 484512 147138 478146
147138 478146 154542 473706
154542 473706 141782 475234
141782 475234 121666 386164
121666 386164 94458 576998
94458 576998 126970 335798
126970 335798 109430 432026
109430 432026 95964 499560
95964 499560 100750 407324
100750 407324 84686 616466
84686 616466 97358 376160
97358 376160 82598 212976
82598 212976 81464 404952
81464 404952 80876 546640
80876 546640 80210 575290
80210 575290 72330 594838
72330 594838 72778 459274
72778 459274 67050 461440
67050 461440 26760 557888
26760 557888 6858 565830
6858 565830 5750 510754
5750 510754 36094 463164
36094 463164 68962 458272
68962 458272 69032 349660
69032 349660 23160 470380
23160 470380 10704 461226
10704 461226 6280 297482
6280 297482 4650 137572
4650 137572 10316 81858
10316 81858 13432 308978
13432 308978 21078 421836
21078 421836 36498 303686
36498 303686 67824 347156
67824 347156 58852 323692
58852 323692 69216 343102
69216 343102 56174 286098
56174 286098 70332 347440
70332 347440 71960 386478
71960 386478 72066 340936
72066 340936 48662 223934
48662 223934 37062 156234
37062 156234 81516 133028
81516 133028 97666 315632
97666 315632 92346 231178
92346 231178 99100 188826
99100 188826 83826 31576
83826 31576 31590 62290
31590 62290 37398 5398
37398 5398 85110 27514
85110 27514 86678 25128
86678 25128 100180 155662
100180 155662 101176 142346
101176 142346 119616 162082
119616 162082 131890 367752
131890 367752 149822 407272
149822 407272 114314 85530
114314 85530 150000 407968
150000 407968 150474 122754
150474 122754 151894 123284
151894 123284 154502 454492
154502 454492 155022 291286
155022 291286 159856 386310
159856 386310 158146 47274
158146 47274 163018 300076
163018 300076 168456 228876
168456 228876 164432 235930
164432 235930 158200 13758
158200 13758 166336 231710
166336 231710 171232 61534
171232 61534 177270 75874
177270 75874 184702 118634
184702 118634 188446 117196
188446 117196 202002 390344
202002 390344 195704 260
195704 260 198322 43946
198322 43946 211566 569310
211566 569310 221254 493274
221254 493274 216358 255840
216358 255840 223678 583130
223678 583130 215556 170686
215556 170686 214058 440930
214058 440930 210866 491192
210866 491192 212678 215316
212678 215316 214118 338810
214118 338810 214810 152140
214810 152140 205536 256378
205536 256378 204930 130852
204930 130852 203954 56890
203954 56890 216080 151926
216080 151926 223342 394902
223342 394902 226640 5248
226640 5248 227860 102870
227860 102870 238528 29086
238528 29086 246938 6282
246938 6282 284398 72886
284398 72886 286864 570242
286864 570242 314584 530216
314584 530216 287008 456760
287008 456760 302622 483728
302622 483728 296544 396508
296544 396508 293426 284462
293426 284462 289000 324824
289000 324824 287010 67800
287010 67800 291232 182784
291232 182784 294002 284634
294002 284634 298720 292290
298720 292290 301738 400234
301738 400234 304496 466396
304496 466396 303246 412574
303246 412574 306748 390596
306748 390596 308558 411144
308558 411144 304946 303894
304946 303894 309278 383712
309278 383712 314382 445876
314382 445876 315866 325408
315866 325408 321014 246410
321014 246410 315046 217458
315046 217458 310714 384340
310714 384340 310500 197004
310500 197004 302440 345378
302440 345378 297280 193108
297280 193108 315502 37404
315502 37404 329956 159674
329956 159674 343630 337258
343630 337258 339976 156760
339976 156760 347458 239934
347458 239934 357462 366058
357462 366058 349798 247224
349798 247224 340130 143438
340130 143438 338364 102652
338364 102652 340734 64370
340734 64370 351364 108082
351364 108082 358240 338070
358240 338070 364122 272642
364122 272642 364710 120078
364710 120078 375072 159198
375072 159198 378618 85780
378618 85780 384956 114814
384956 114814 385808 200974
385808 200974 391496 366644
391496 366644 396312 366520
396312 366520 403954 140378
403954 140378 413392 200448
413392 200448 424054 215156
424054 215156 409528 160048
409528 160048 395604 67470
395604 67470 342942 60814
342942 60814 424054 55708
424054 55708 429220 244120
429220 244120 438044 380642
438044 380642 448092 242498
448092 242498 497890 289298
497890 289298 510708 231116
510708 231116 481892 243466
481892 243466 463656 254424
463656 254424 471382 110938
471382 110938 469394 79112
469394 79112 435856 267446
435856 267446 451778 119428
451778 119428 470752 42336
470752 42336 493700 42254
493700 42254 517624 93420
517624 93420 528326 231730
528326 231730 536474 343874
536474 343874 532846 289084
532846 289084 566094 48982
566094 48982 568084 137064
568084 137064 566664 48464
566664 48464 575516 146528
575516 146528 581062 333912
581062 333912 580876 113708
580876 113708 583712 208128
583712 208128 583894 202468
583894 202468 586624 224824
586624 224824 588816 367916
588816 367916 600384 232950
600384 232950 600998 258458
Algorithm: incremental_edge_selection1_initialization1a
area: 4294967295
ratio: 1
construction time: 1.171